-40.748931048466595
-39.80717418664063
-34.78608084407683
-34.40822331161855
-33.86794989339443
-29.806535352018166
-28.734034282740545
-27.77670870211572
-27.642596398622906
-27.141132538438356
-26.679837963448755
-26.194514727130468
-25.47792162357323
-25.085933269890262
-25.043128478072365
-24.807788057915683
-24.784950201216457
-24.44509011522151
-23.86657069637539
-23.487684638485128
-22.743350542765363
-21.820426730647974
-21.269307864293364
-21.24978017985801
-20.78771019855779
-20.661545624880226
-20.351004648996046
-19.384023975518012
-19.178657393064583
-19.12278800295933
-18.726227589723276
-18.473344774026913
-18.19943733438977
-17.808313795477318
-16.632642374063018
-16.18195771543946
-15.555471607988515
-15.293198627296377
-15.21691357041679
-15.166727255420424
-15.137287303396779
-14.65557873432896
-14.627019863631164
-14.232996078562891
-14.165509645579313
-13.9779397468335
-13.83916211115178
-13.50790883600233
-13.34141784364554
-13.309995166040867
-13.084436922982817
-13.076753584178944
-13.010127316631575
-12.652515533114936
-12.472096670373702
-12.37223926432457
-11.96859263305619
-11.888766464589047
-11.83575412957263
-11.810923511605834
-11.682003225170135
-11.47694717926364
-11.40416638559207
-11.258501652307379
-11.242712970207636
-10.873836784753806
-10.277195400401482
-9.923423369856287
-9.815310048284129
-9.80291935733201
-9.384130367875215
-9.228755493271143
-9.215022445355968
-9.182248150889688
-9.16363572501754
-9.14476492805407
-8.896869141891202
-8.821548188338781
-8.6191346323616
-8.303583415813442
-8.245603522770146
-7.898026629867687
-7.639760354652111
-7.5719658630061915
-7.182152626677689
-7.143402901808942
-7.097979806107801
-6.694288460913391
-6.0199321247210875
-5.860371511499032
-5.7943526541090975
-5.760650112952318
-5.6060154326194365
-5.558081218025116
-5.02651496737959
-4.9415191466734285
-4.604363545060006
-4.5751085533784845
-4.5538239008287995
-4.192827305678646
-4.158071180608447
-3.6805520002301333
-3.666091302693663
-3.642925843610678
-3.243668176655355
-3.087814890677554
-3.0743239769933726
-3.062934740508476
-2.9508605450401575
-2.7407673513374746
-2.626368705912199
-2.26585905920755
-2.1432076368835027
-1.8791118621534295
-1.7025371507659415
-1.483800051541806
-1.0506395347976678
-0.9873882901014355
-0.3410436044488705
0.009216080564669937
0.11822515947119427
0.1924835448029043
0.22992147322889878
0.29962271044727373
0.44127452021993696
0.44523177821907345
0.48124528515819104
0.49782076348367454
0.5081315681113322
0.5309866136333865
0.7437341206722152
0.9435902204732471
0.9828374260925656
1.1134704418996648
1.4994001319754133
1.5543609810197054
1.6966468007309388
1.7221282525830652
1.7698918482494292
1.8852662015864112
1.972610212985181
2.071816446031008
2.2347091562206884
2.319090635129341
2.336012126965933
2.4187009111637896
2.4483356114005104
2.60717345614679
2.868355638095032
2.9364593726323136
3.0351285080753385
3.3173897770102982
3.4552777616644974
3.6933352254777603
3.7738459401155313
3.774167508143719
3.802004951144242
3.849632134684228
4.156514990522453
4.257566646616368
4.6214122927572845
4.958400542435232
5.139990273701539
5.625103172383838
5.943929999942487
6.0483135056982285
6.391306538168717
6.437543986633885
6.439210310466972
6.4996561825097885
6.555817120407145
6.985786697378867
7.12216217398317
7.157077042543449
7.442742660607681
7.658009517851255
8.048073746229417
8.156277081174533
8.57353332471247
8.577749072214196
8.602868288356067
8.655039784356973
8.950901916852388
9.290846364855216
9.431656653136017
9.814396219513878
9.924386815348589
9.934500800504365
9.94709772988375
10.16585044000411
10.451989026201964
10.611981978382854
11.532486569192244
11.767016838238632
11.831286250949525
11.935493092906874
12.184921423510335
12.499119334407172
12.597941975379399
12.745199111574305
13.141934234397286
13.562580807040296
13.568354240516314
13.822764964592064
13.870299908420801
13.954353457251408
14.097782897734806
14.596022958994496
14.930641539709402
15.144887958408962
15.201013918783524
15.370721204167683
15.398114285952847
15.673819588477752
15.716779624996391
15.81476952929162
15.842301867396348
15.986269689300485
16.091015616603208
16.237255613348886
16.719917813767537
16.745849941089908
17.062934740508474
17.216582644264896
17.535239579828705
17.54722442584702
17.678383431213714
17.71922654610642
18.20367158743209
18.23073507099824
18.3694360912701
18.513823525403875
19.74829104115545
19.920073928740713
22.374568044758615
23.333168516602647
23.45104664421136
24.035068074997316
24.224734310744104
25.151545831515392
25.35749983377854
25.407894571861597
25.522396181858817
25.67313877596076
25.901875904824387
26.73272457846033
26.96188114475155
27.264947523771074
27.273440219224685
27.9323741455158
28.653913900398642
29.311117129892057
33.66339556859423
35.03754105403697
35.36349288678279
36.742524996026404
