-13.62168265527617
-12.430228729354086
-11.863749155927943
-11.50244331916331
-10.690519274878808
-10.060857081371553
-9.464701788512864
-9.34348697407063
-9.043769043053432
-8.854378785437182
-8.532849264719458
-8.476720291633596
-8.280044512521213
-7.986685764436631
-7.936548074078162
-7.88577174324241
-7.707429561869754
-7.586178730506807
-7.420086760724876
-7.285843911052297
-7.22793200597447
-6.959476208499465
-6.917591654291398
-6.748855866332141
-6.735337259984908
-6.5548056386446785
-6.362667246721461
-6.256251893171736
-6.182453781351521
-6.169012357663041
-5.964572341685093
-5.846765273827142
-5.744950553560946
-5.624563986609328
-5.546768210261476
-5.386615302648488
-5.3445592763902905
-5.321164244506338
-5.137234151761751
-4.915218878645982
-4.84934423349128
-4.8353341438369295
-4.744586065143739
-4.666837344445977
-4.568848423997595
-4.544954487353669
-4.371881747081611
-4.3542909909753895
-4.30793447523471
-4.168285629070841
-3.9954255639775305
-3.939112954729003
-3.8914595317270706
-3.791414496852518
-3.661137564302333
-3.5951895074502715
-3.5635570312082
-3.4321490367398155
-3.361280062252293
-3.325516727505903
-3.2205458311564676
-3.1050108258090976
-3.0232508262914504
-2.9913890982814557
-2.9791423564510406
-2.9418082942136667
-2.9001664627410513
-2.763944979249965
-2.7532492810366143
-2.660123071897644
-2.5336629741519836
-2.4912078343029034
-2.4644884623437022
-2.4387090037051777
-2.416844449429872
-2.3939887001235185
-2.3507667149699643
-2.321582797544721
-2.289810332067713
-2.2709603061040617
-2.133110988295055
-2.1122839734484593
-1.9695578330175199
-1.9209236405858086
-1.8627067781547653
-1.861971117264369
-1.8225254822108596
-1.8144431999415076
-1.7790863652339581
-1.7317754593398895
-1.5497404510423614
-1.5479776258846372
-1.508132892585186
-1.4526674531523265
-1.446341456374478
-1.4048774092151337
-1.3217333427933657
-1.312042669977955
-1.2751010760931163
-1.2720870494374739
-1.2596923380408676
-1.2421250562907051
-1.176326535112139
-0.9744488526097186
-0.9638529001215836
-0.9481815503270248
-0.8746318813223208
-0.8565506231238125
-0.7648073212582549
-0.7195092231797857
-0.7122145039278948
-0.6777256873309803
-0.6320030950343618
-0.5007624988345984
-0.3889502852881215
-0.36028360280164407
-0.3416270297781754
-0.3104684353682732
-0.18397566511790409
-0.1284653385424103
-0.1271047511812828
-0.12090959015665764
-0.0925489195048872
-0.031446351092782265
0.0034161000960526624
0.00904588219791414
0.03481690555833339
0.21715464691741637
0.23541955397780256
0.2627182318903838
0.35178410661659854
0.4293903456664248
0.43164239779923846
0.5059701676271491
0.5331695724299035
0.6558992666891168
0.6675628954334485
0.7822026146052314
0.7909825667599844
0.8520643710819638
0.9282180708612113
0.9728040306505947
0.9755103929807021
0.9817506022620377
1.0298766301174371
1.2388079840267476
1.307008835642062
1.3289918820297417
1.3351132943431634
1.3741105271267795
1.4537108446991063
1.494726268555472
1.5232278186274
1.543960443913564
1.6324497983346866
1.6674759986483645
1.850849599556464
1.851646216501443
1.8649698743975893
1.8806429712508272
2.026010449458129
2.0512770557707354
2.0630039505273574
2.0702221666744167
2.112611121468478
2.153815320747314
2.4046057097499762
2.4370215026417688
2.546717019754192
2.592318614234606
2.6155289616107913
2.638145950475198
2.6482541044717065
2.720800044301563
2.73470223535905
2.8087071496514557
2.90837727669937
2.993566556621909
3.0480274731125343
3.061155228910586
3.0928449646660567
3.146040540587409
3.2939102573757104
3.3069065092658967
3.317643941771342
3.3814414254056935
3.4441139109396657
3.549486427227386
3.6189474657536023
3.624448224909538
3.664446364956558
3.715668682037359
3.8212781174391166
3.8476041541284003
3.9052530294303605
3.951714428752698
4.045148272642728
4.104366315411548
4.174226892292973
4.218222757956829
4.30101687056251
4.342501256368776
4.379457805913696
4.494294687687156
4.5225487074344475
4.533538482033533
4.61011960640513
4.655048560292759
4.6930494688200115
4.732044895861746
4.770753448281913
4.781348856827519
4.849154364497977
5.0522397803372705
5.078221898894903
5.090270774247799
5.099869365184304
5.185241766542532
5.267496032164787
5.276702805828762
5.296934225652032
5.320062742944508
5.350363235540378
5.365777614149546
5.430619400162097
5.5280318979512675
5.6127617145785536
5.633917714218693
5.689581212145503
5.807604247780107
5.830528306715613
5.865340675190865
5.867702138499744
5.9159714450841445
5.981571570683278
6.152517045725071
6.1700650299082245
6.284951151162948
6.379340382321841
6.405229326727237
6.47796884637947
6.530456915608435
6.638845166995113
6.723299668917892
6.920256812919737
6.937854073362853
7.036052433921878
7.271245695680641
7.444879568258569
7.4608681051458206
7.589805386548724
7.812104871155017
8.138673324273304
8.343304843124205
8.681932821148441
9.21865114317248
