0.11056642968777841
0.171290643589581
0.29552746886739845
0.17933363400099314
0.22461831131072915
0.24904394750250522
0.20447059814470953
0.3493098547065831
0.2661430990356049
0.34513700589535695
0.25875582207689374
0.2825696664995258
0.3720735801216738
0.26576911736578107
0.36731771086230414
0.22981639901919163
0.07150196939994145
0.3199231974421258
0.25562579523471574
0.11207594135755954
0.31354201343640353
0.30222883182374316
0.2316089608641602
0.42988796379665567
0.430928055840718
0.41896035441813784
0.40476226585749864
0.3136984287560462
0.45477724103377765
0.4735098043977082
0.29181870599664095
0.3950487721908449
0.48378751022320565
0.3975864049920101
0.36655033151387656
0.4893317053318543
0.37586376930808535
0.414209018007494
0.22228085665315217
0.4910871041054306
0.508607606692442
0.3872162675132156
0.3700849958922692
0.2562038578844713
0.2748422069632004
0.4582057755243479
0.4307758802806216
0.4756225814916862
0.4045783047657177
0.40535381038836465
0.2546715661834942
0.4595061765070515
0.43583647191947816
0.4097253629844506
0.4625030378057788
0.37613491966783164
0.4710365555840257
0.4446560827410089
0.4819196793919271
0.4395160893515426
0.3355095902508251
0.2945294180131895
0.47424723241030464
0.3596417172746406
0.5127507419087487
0.290100954398708
0.4903257989472219
0.4542396776985874
0.44610009247255544
0.4402517395239398
0.4461420818067067
0.4580961927689633
0.5016117261161557
0.3797066194382279
0.27230360823067373
0.46789448653218857
0.39498854114205006
0.4748217169041723
0.43609587953495177
0.5510998399707281
0.3604332965015731
0.5717416679311718
0.4785999218415777
0.4195141283964373
0.5398074462561885
0.5396380558386245
0.19501565277729804
0.1880498216012595
0.3267466514609297
0.4144681385496243
0.4353262222394122
0.29562187009044133
0.49503367899789813
0.5102238809320397
0.31473629866941105
0.474775455698249
0.4506887660629147
0.48347150000630745
0.2741871274831703
0.5005751742863787
0.129269285220222
0.5154345214534679
0.4756611529172917
0.32142619930084987
0.5018649157092601
0.487675559715982
0.41464828492068656
0.088281432358414
0.49134728305577957
0.5187224944317478
0.4353259635424678
0.4427477113624147
0.3001914449242669
0.5277485185642863
0.44495494455367884
0.3440707654995978
0.5406623651433379
0.4872772824552605
0.4826156129549792
0.5362735238947332
0.34469662911708043
0.5014183489505947
0.3441875622853565
0.4975366380120741
0.4462661281428787
0.3808996916037829
0.484830330241634
0.47511344890627427
0.3429268694183517
0.4856717035801444
0.1576639331671935
0.11532411002246248
0.3503857177131019
0.48555701437587906
0.4448468711241378
0.5434007454117252
0.4315719918153941
0.3404534024609639
0.48899935718473686
0.47146271899633485
0.4711947266994221
0.48030648563112266
0.36545862702933557
0.3342495283983137
0.2687272331405938
0.44520301573230264
0.49793248863117845
0.4967092941375623
0.37306691026296
0.4500336886709404
0.43638806046516093
0.35942567462937297
0.17323854368154654
0.37483933198842667
0.1688649503897168
0.5390704184138593
0.3229428503428476
0.45489037932304477
0.32073567547518
0.3785438717250732
0.42766015240636046
0.4271332780031627
0.40347503925706385
0.48665973356948183
0.4538871442431933
0.326668377721481
0.4572878968512183
0.48162850529613416
0.3573076160709969
0.3594705041728916
0.456524467509516
0.27839825109009053
0.420724342627657
0.4280421241000623
0.4315901252493319
0.17080731190879422
0.3384922341299332
0.49481292667808274
0.3254623769214767
0.42330703331147695
0.4119634484663277
0.17026132148732773
0.4073407613191544
0.4988571920602105
0.4039078575403664
0.295445407666738
0.4731031724596918
0.40359993023887064
0.4263140320323413
0.3885857333976624
0.27892625785348263
0.21458813726164025
0.4305224591146412
0.3695605495669617
0.4199317881523759
0.35348158081759745
0.3843963531703801
0.2948746175222758
0.16752066554644746
0.2575522243987255
0.37456789076196007
0.45571021243152154
0.34458992887706924
0.39985783417221843
0.3750615216891063
0.3357499679716234
0.3915807445363409
0.3930689654526722
0.2621958796581575
0.44257067648169673
0.1716846043789764
0.3649526338200799
0.23359258551430895
0.3670814029932845
0.3484988388483157
0.35940572485477423
0.3338019647381032
0.406569586991615
0.2622116185013835
0.22452338615013154
0.15778758188053246
0.4034737359024585
0.30292936862947056
0.394123004264612
0.36116681396240913
0.3619263568510535
0.16733854832743167
0.3173321538004388
0.24000930411873989
0.15100711142364817
0.22328989391840068
0.31716416422319155
0.24713303272133075
0.3177981928653652
0.21098217209304174
0.30296932683079414
0.11662129159775443
0.38061887033324376
0.29168983551664607
0.07591828450690921
0.3960355561320394
2.995685926192356e-14
0.10037113916079084
0.22527053060476232
0.27264335966456205
0.08424136130087222
0.29016691602288824
0.33540975007311213
0.34222890095711683
2.995685926192356e-14
0.16910335563316553
0.12949343873057279
0.23795390186257567
0.2584910928629555
0.20233887908420226
0.24672371793015765
