0.018757190108923596
0.017331806920608952
6.935664947987863e-06
0.013371610128589954
0.0010550078540022922
0.013312768372130222
0.006001910998249145
0.018014474809816113
0.044513716063779886
0.025960027891338788
0.036658923288180975
0.02262263721011721
0.012902762801210452
0.018958254920323304
0.03701796702457298
0.018327857238823155
0.1606342570194701
0.15564440828554557
0.017002947038366325
0.020570415839564163
0.023963692342707576
0.0009061795378382883
0.00013206245041937049
0.02225492984687985
0.015825046439695074
0.01636301120637525
0.002325643824578073
0.014316171766692056
0.012759734414312395
6.760184629488354e-06
2.552352873639859e-07
0.014860276656757933
0.012950904032979781
0.0010638649393502476
0.016787901153168066
0.014500412492924542
0.034609877636114575
0.027666865363888574
0.0061115021548904126
0.02281979542749163
0.0142931933874165
0.03917136421204402
0.05691413470763364
0.046227719955572406
0.023844705783370567
0.050376388810490384
0.06298471119106912
0.00591259996825918
0.1289267242666409
0.03646036851059733
0.1198275456827382
0.06763668143570749
0.04086063928645274
0.036776252867516165
0.0843646464038207
0.011435210432586674
0.05786851213038692
0.013424606906702807
0.017636548176280565
0.02186945568826347
0.02224029266725688
0.02732604979202388
0.05745989882488539
0.23082313933813453
0.27010529108428166
0.13632966039016656
0.06886076356618419
0.17615931301497634
0.012904181522541422
0.165090745828179
0.03049515644152389
0.09335462650497814
0.02386064141034005
0.09011397522023215
4.472107277351239e-05
0.01850774050126321
0.018328873417611392
0.023686974082142084
0.01666828116624297
0.001379355113099469
0.0016526797243826608
0.01710240824362471
0.020869674927766774
0.024227094716472206
0.024767032154368204
0.016605010822487092
0.024214974170659213
0.017596587573514712
0.021240338308802082
0.03813037716587198
0.01429607088076981
0.0008382452798756433
0.00013026020066757147
0.015418291011593612
0.016821986150252582
0.0823000295931363
0.012452212201951599
0.014220286235604632
0.04990808058225989
0.04678962683328622
0.013985623104348793
0.0420224402429111
0.019238700679011164
0.021511242830424115
0.013921215166592293
0.042321981022548825
0.024977980451050326
2.995685926192356e-14
0.0177354593940726
0.011916871149348094
0.11464687967069073
0.18609155045619874
0.17942611268350867
0.005285008049534879
0.025184733593639163
0.00814802308973323
0.024011353801897565
0.04376001905955839
0.030928217503361933
0.005981051832238007
0.04938359832027679
0.0426628747084315
0.1831996169634039
0.01175924957068796
0.21891585753646906
0.06857091958393227
0.09417387254525005
0.024883156108245992
0.03579895667701126
0.09886102736324755
0.09312252717445886
0.02754770407135542
0.040025202667790215
0.07335371438980791
0.13935874775770252
0.018634467128109712
0.06093220221691084
0.1518330720898345
0.014911779036330303
0.01671895639283211
0.059227707621692674
0.015273838067230813
0.18586052395857283
0.12139201020437042
0.030419185130028774
0.18468190161355733
0.024065375787006342
0.12152142817781786
0.022410308303439642
0.0199129591061395
0.014512968749039208
0.13662637247125678
0.15652116245568812
0.017609581326859684
0.013448823216857584
0.07123597389865105
0.0010100323275034034
0.015569554111939022
0.01829010297317763
0.026248623023838298
0.020439639405781456
0.012494548955649415
0.02400658975907888
0.02491975505293567
0.006510336123479889
0.022739878165769088
0.18079309020123094
0.030377436120476355
0.1826398009962051
4.4827927636976324e-05
0.024452862009022754
0.18039327262235236
0.1951229750107401
0.014733423595098999
0.11379320718318536
0.023340952227162
0.02897590029968711
0.018043834529929387
0.025928138288717054
0.03940704638646772
0.03712462493792397
0.017849702224340777
0.017741035139461837
0.028799230154441833
0.01404315338763053
0.05018993204200633
0.019210739764180886
0.11406283914608246
0.02470901202079033
0.09206667877745216
0.03926646992165658
0.031037111278067988
0.007135044393094483
0.019106612153664635
0.0008569940280068798
0.14794497415562186
0.1480035635893434
0.015647232024747233
0.015694395109171137
0.020324213310317103
0.0244065308030583
0.010698300634379354
0.013045399504714705
0.017536406271040358
0.014119513047141765
0.013401649319167019
0.029820316006983236
0.0241646864042507
0.042586216509112124
0.01851869625718637
0.1606145708938777
0.003845505428942283
0.15294224441704307
0.0033171577151142003
0.22506182613995407
0.2593932712621774
0.07087766045997831
0.15792481733322333
0.1857447456427734
0.17998354158158636
0.014856787098181414
0.024560238911611108
2.995685926192356e-14
0.025693623043457212
0.006687855860275182
0.005244560871427389
0.028023690823886022
0.017300302604215487
0.02559379841860333
0.020854496414133165
0.016655366012111875
0.018991102572832787
0.014720517125974778
0.0007755527482369366
0.01941410568303114
0.00730725735855275
0.017544287389729202
0.01852796449586509
0.024517759948692833
6.646559386711115e-06
0.019097522680983962
0.04730907838074202
0.1866515530576923
0.1800595698539684
0.07185759923528617
0.022610417326650117
0.003960536922469799
0.0034058163371271434
0.006918648899934598
0.015634873479605273
3.8320430935386246e-08
0.014733711149343014
0.0181034329799409
0.028667211700989317
0.01566560612446558
6.687901339120873e-06
