Iteration 1 of 10
Iteration 2 of 10
Iteration 3 of 10
Iteration 4 of 10
Iteration 5 of 10
Iteration 6 of 10
Iteration 7 of 10
Iteration 8 of 10
Iteration 9 of 10
Iteration 10 of 10
/home/bart/miniconda3/lib/python3.7/site-packages/numpy/core/_asarray.py:102: VisibleDeprecationWarning: Creating an ndarray from ragged nested sequences (which is a list-or-tuple of lists-or-tuples-or ndarrays with different lengths or shapes) is deprecated. If you meant to do this, you must specify 'dtype=object' when creating the ndarray.
  return array(a, dtype, copy=False, order=order)
[[array([-26.87885212, -24.56139109, -22.32887605, -22.30073971,
         -21.07740752, -20.71305848, -20.44603806, -20.00762606,
         -19.98369491, -19.79431941, -18.93394208, -18.84759886,
         -18.69262529, -18.39559665, -17.47742581, -17.27627735,
         -16.61549653, -16.33679244, -16.2894441 , -16.15867629,
         -15.91155613, -15.86776182, -15.12417988, -14.9320104 ,
         -14.89921828, -14.4353075 , -14.31824648, -14.27932915,
         -14.26941293, -14.16189088, -13.97226647, -13.94527539,
         -13.78928195, -13.39115024, -13.36650636, -13.36138586,
         -13.15210819, -13.04582909, -12.68230545, -12.6786758 ,
         -12.50371925, -12.05769059, -11.84522265, -11.7630175 ,
         -11.3804413 , -11.29372647, -11.0486819 , -10.99005325,
         -10.90622559, -10.68518732, -10.54734579, -10.18351844,
         -10.14423394, -10.05144825,  -9.85647671,  -9.52466159,
          -9.46916442,  -9.33165406,  -9.22041443,  -9.00534474,
          -8.92555899,  -8.8519326 ,  -8.76526418,  -8.69291008,
          -8.46268438,  -8.31227562,  -8.25821564,  -8.23594551,
          -8.05100863,  -7.83411705,  -7.7289037 ,  -7.35583733,
          -7.15718258,  -7.13550515,  -7.0158384 ,  -6.96986372,
          -6.95659451,  -6.9209136 ,  -6.85941553,  -6.71695956,
          -6.35804368,  -6.13055622,  -5.92797574,  -5.81303873,
          -5.6007974 ,  -5.52496589,  -5.51532607,  -5.4119263 ,
          -5.37162425,  -5.20150912,  -5.0527543 ,  -5.01715261,
          -4.9533153 ,  -4.8447507 ,  -4.34024442,  -4.29314317,
          -4.24517228,  -3.99439714,  -3.97389685,  -3.84528453,
          -3.8425174 ,  -3.54138119,  -3.48446203,  -3.35379996,
          -3.26877046,  -3.13840233,  -3.0851424 ,  -3.02961805,
          -2.97822819,  -2.76595611,  -2.67410606,  -2.57201188,
          -2.135257  ,  -2.09730387,  -1.89732109,  -1.87137247,
          -1.7903118 ,  -1.71523815,  -1.62445892,  -1.5973294 ,
          -1.5333342 ,  -1.50735111,  -1.46069189,  -1.16036331,
          -1.02316633,  -1.01216151,  -0.64504934,  -0.62571582,
          -0.60340997,  -0.36658923,  -0.10399648,   0.06378358,
           0.16543245,   0.42460081,   0.60392669,   0.76409819,
           0.91096132,   0.93661189,   0.9602953 ,   1.10757424,
           1.12720674,   1.36229415,   1.36709115,   1.42006932,
           1.67242783,   1.72302883,   1.86340646,   1.97452517,
           2.0320937 ,   2.08426501,   2.44480692,   2.49189036,
           2.5282956 ,   2.53726503,   2.65392762,   3.01340478,
           3.29487051,   3.33296705,   3.51616124,   3.57719933,
           3.81296158,   3.85556164,   3.90511862,   3.96841319,
           3.9966101 ,   4.18580272,   4.33495444,   4.36935192,
           4.4868065 ,   4.55005462,   4.68102713,   4.81814017,
           4.83673044,   4.8672532 ,   4.87336072,   5.09336048,
           5.27584916,   5.82122674,   5.85870209,   6.08576404,
           6.24884148,   6.34045677,   6.52524596,   6.55869564,
           7.06124423,   7.0777412 ,   7.16903087,   7.27180827,
           7.3408499 ,   7.43622216,   7.50799627,   7.59333352,
           7.67450019,   7.83020953,   7.93473789,   8.00731982,
           8.13150938,   8.51124006,   8.76779004,   8.82660946,
           8.89517196,   8.99589473,   9.2923474 ,   9.32353984,
           9.52126974,   9.57513866,   9.65529474,   9.9827153 ,
          10.51659131,  10.542932  ,  10.56474786,  10.7421055 ,
          11.26512546,  11.28499787,  11.48024006,  12.11532968,
          12.24133446,  12.35310608,  12.75463914,  12.81642791,
          13.19665018,  13.36464113,  13.81555084,  14.30080408,
          14.52578636,  14.7513714 ,  15.19222382,  15.39496898,
          15.51541098,  16.05719848,  16.10535233,  16.7024608 ,
          16.88961773,  16.92636061,  17.63673028,  18.43311149,
          19.30219667,  19.94314197,  20.01252176,  20.09079922,
          20.13055622,  20.68924897,  20.8124178 ,  20.84873475,
          20.99960509,  21.52276712,  21.70991164,  23.33160048,
          23.93010337,  24.08964343,  24.20066447,  24.79919061,
          24.91093084,  24.95874461,  25.50951468,  25.66902827]) None]
 [array([-37.86829602, -34.68798916, -32.32110784, -28.9353333 ,
         -27.38671598, -27.38509555, -26.32973188, -25.86742684,
         -25.56411215, -24.85222228, -24.24926768, -24.21053117,
         -24.07758212, -23.49294363, -23.34647976, -23.21236325,
         -21.16530432, -21.02768046, -20.33309988, -20.04451693,
         -20.00303496, -19.37341511, -18.69238845, -17.98514616,
         -17.90764324, -17.61920409, -16.90601529, -16.01521209,
         -15.98435702, -15.85068949, -15.68753666, -15.62802933,
         -15.38281978, -15.296749  , -15.27328303, -15.08000737,
         -14.79768785, -14.48002068, -14.43889115, -14.36736789,
         -14.19610668, -13.61876408, -13.54903455, -13.480483  ,
         -13.27863555, -12.67046092, -12.53890387, -12.24319095,
         -12.21158014, -11.90627001, -11.57027447, -11.49201349,
         -11.43700545, -11.19691986, -10.94965646, -10.60802757,
         -10.59631767, -10.44241857, -10.3099518 , -10.2331287 ,
          -9.94079092,  -9.72238314,  -9.6267651 ,  -9.5554695 ,
          -9.44811112,  -9.20361503,  -9.16440118,  -8.86104378,
          -8.81263123,  -8.43542824,  -8.37356756,  -8.14919967,
          -8.01884673,  -7.47322483,  -7.35040006,  -7.30113223,
          -6.96185451,  -6.87603932,  -6.79326658,  -6.69459072,
          -6.60763476,  -6.49276051,  -6.41885849,  -6.38036541,
          -6.17930951,  -6.08617229,  -5.88974185,  -5.83938669,
          -5.62121145,  -5.61846533,  -5.31654813,  -4.79768801,
          -4.60447234,  -4.41085858,  -4.20058223,  -3.79778935,
          -3.64095804,  -3.53033856,  -3.30924395,  -3.28903623,
          -3.24914093,  -3.0795801 ,  -2.83100212,  -2.5778013 ,
          -2.54514035,  -2.50156128,  -2.23024574,  -2.05278586,
          -1.91752508,  -1.65502248,  -1.6346696 ,  -1.60558947,
          -1.50165225,  -1.33173212,  -1.10966954,  -1.07622565,
          -0.83028369,  -0.72430074,  -0.65366962,  -0.63901435,
          -0.46387329,  -0.27576661,  -0.20287464,  -0.04705345,
           0.1719444 ,   0.38041242,   0.57905027,   0.62566496,
           0.78832366,   0.79906565,   0.88505524,   0.92626924,
           1.04473311,   1.1143165 ,   1.13124237,   1.39426295,
           1.3975125 ,   1.42135322,   1.53834114,   1.69704606,
           1.83967331,   2.02556021,   2.12060007,   2.4097101 ,
           2.46805017,   2.50167181,   2.52883769,   2.60967091,
           2.85868311,   2.95166287,   3.081872  ,   3.16256883,
           3.22436315,   3.25282083,   3.34469917,   3.49500882,
           3.60281648,   4.1632101 ,   4.16414501,   4.4095624 ,
           4.45090383,   5.30884443,   5.31781347,   5.33952459,
           5.80732279,   6.04723474,   6.10073034,   6.25824158,
           6.42604332,   6.62270377,   6.72578379,   6.73133877,
           6.90090859,   6.97819679,   7.0775586 ,   7.18491957,
           7.32473104,   7.44679924,   7.7104274 ,   7.87503009,
           8.03627119,   8.0806824 ,   8.12995975,   8.44565144,
           8.54618095,   8.78328277,   9.06741516,   9.28168012,
           9.29410323,   9.33634199,   9.44643694,   9.83847461,
           9.98011041,  10.00481229,  10.02821017,  10.35822447,
          10.4392804 ,  10.49461633,  10.64671862,  10.7790006 ,
          10.79585716,  11.01492986,  11.21544735,  11.23277439,
          11.23558341,  11.2756176 ,  11.70893518,  11.73239634,
          12.02245624,  12.25942643,  12.36148694,  13.28999764,
          13.61158659,  13.647038  ,  13.87542318,  13.932605  ,
          14.29034851,  14.31058466,  14.34596773,  14.69039311,
          14.72430074,  15.27218896,  15.66821699,  15.85741259,
          15.96766944,  16.10645711,  16.20409454,  16.31010579,
          16.90997997,  17.01162267,  17.15632816,  17.21979077,
          17.38287705,  17.58911063,  18.20560089,  19.5819441 ,
          19.65007771,  19.78757931,  19.82875585,  20.1346772 ,
          20.46371402,  20.62178708,  20.82745076,  21.29842795,
          22.14902243,  22.70188954,  22.95534052,  23.28999713,
          23.49740908,  23.98157487,  26.03676113,  26.68973008,
          27.18098668,  28.70802916,  29.96655878,  32.63818981]) None]
 [array([-24.69314062, -24.3950876 , -23.7063058 , -23.40890556,
         -20.89999966, -20.59991624, -20.35327552, -20.02928755,
         -19.88982326, -19.678232  , -19.65727914, -19.39644641,
         -19.38211017, -19.38040946, -18.99114313, -18.90425958,
         -18.70955359, -18.41561078, -17.67886973, -17.38120797,
         -16.66978567, -16.48497757, -16.37244094, -16.06341529,
         -15.90617629, -15.87432013, -15.61009306, -15.33750513,
         -15.21357904, -14.92920124, -14.92108745, -14.91466987,
         -14.80351183, -14.73916547, -14.5644542 , -14.34294366,
         -13.94881011, -13.81556897, -13.40346437, -12.99489067,
         -12.93007333, -12.77524976, -12.47670807, -12.44963996,
         -12.09574666, -11.98606404, -11.98133512, -11.63535474,
         -11.54301273, -11.33178973, -11.32378222, -10.89243923,
         -10.84488444, -10.45823252, -10.40512347, -10.3224433 ,
          -9.91792621,  -9.47334127,  -8.91081743,  -8.57824251,
          -8.52562083,  -8.21405784,  -8.20443751,  -8.16712271,
          -7.92078491,  -7.85266145,  -7.83003392,  -7.60748805,
          -7.28552562,  -7.0600062 ,  -6.83230372,  -6.81933972,
          -6.30470633,  -6.21632685,  -6.14717943,  -6.00963507,
          -5.98173413,  -5.94006736,  -5.68020987,  -5.36982319,
          -5.34031413,  -5.22714727,  -5.11130232,  -5.03720056,
          -5.02934752,  -4.92641777,  -4.80091229,  -4.59988302,
          -4.39045535,  -4.26919563,  -4.19912553,  -3.95154954,
          -3.90501918,  -3.87162652,  -3.59121219,  -3.39977604,
          -3.28999858,  -3.28656842,  -3.17760492,  -3.04331563,
          -2.79756796,  -2.68924137,  -2.68253616,  -2.28942536,
          -2.16500179,  -2.02119526,  -2.01391125,  -1.90229737,
          -1.74182053,  -1.71293619,  -1.45570212,  -1.44004853,
          -1.10615631,  -1.07523113,  -0.90634617,  -0.87574612,
          -0.84239529,  -0.8036088 ,  -0.76410102,  -0.53774473,
          -0.18595247,  -0.11649505,  -0.10786921,  -0.06691005,
          -0.05009651,   0.04056195,   0.08278293,   0.10082919,
           0.12638252,   0.14555205,   0.21818269,   0.35220496,
           0.47871179,   0.71699739,   0.74890707,   0.76501125,
           0.92262438,   1.04032451,   1.08829323,   1.309004  ,
           1.350892  ,   1.85657921,   1.90049529,   1.91238683,
           1.92423537,   2.11069188,   2.19747933,   2.56788439,
           2.62308247,   2.63674896,   2.83967998,   2.85022689,
           2.88365514,   2.95509624,   3.05520687,   3.28033251,
           3.3941587 ,   3.41710271,   3.44413984,   3.45261431,
           3.59475594,   3.67007884,   3.74408574,   3.74466702,
           3.85074568,   3.93505633,   3.95714466,   4.04707191,
           4.33121658,   4.59400929,   4.64920593,   4.71482823,
           4.72466034,   4.81463967,   4.87333284,   4.99196603,
           5.01252866,   5.58947085,   5.62407135,   5.64265684,
           5.8425308 ,   5.95049821,   6.56611934,   6.8189966 ,
           6.87319946,   6.9712094 ,   7.59744027,   7.75812377,
           7.92275799,   8.00950235,   8.08649291,   8.37878145,
           8.41725196,   8.5096738 ,   8.8855539 ,   9.01625235,
           9.62795548,   9.63014292,   9.86470541,  10.2673493 ,
          10.29722772,  10.34407859,  10.45801933,  10.85773771,
          11.12921209,  11.40649991,  11.44083783,  11.59638405,
          11.70731049,  11.88930812,  12.14721216,  12.21467814,
          12.37836677,  12.62879157,  12.96161214,  13.00774364,
          13.05150313,  13.10597128,  13.11343504,  13.2866412 ,
          13.4770311 ,  14.21828012,  14.72477063,  14.77084955,
          14.90218935,  14.91579575,  14.93401787,  15.13113153,
          15.2240041 ,  15.76378367,  15.95490371,  16.04187059,
          16.23191752,  16.28089633,  16.34544169,  16.44496946,
          16.74271484,  16.98178402,  17.54854651,  17.69341882,
          17.76410891,  17.84446031,  18.08976329,  18.12172144,
          18.25347279,  18.3114488 ,  19.52096083,  19.67653218,
          19.82061008,  20.54207966,  20.86778077,  21.0313192 ,
          21.64902685,  22.6703894 ,  22.99604296,  23.16011059]) None]
 [array([-3.62489734e+01, -3.61471248e+01, -3.47591845e+01, -3.43616513e+01,
         -2.90767295e+01, -2.74107950e+01, -2.73486824e+01, -2.72915853e+01,
         -2.61141809e+01, -2.59062371e+01, -2.55247170e+01, -2.55186493e+01,
         -2.46617654e+01, -2.39459075e+01, -2.24834000e+01, -2.24510466e+01,
         -2.22786351e+01, -2.22696105e+01, -2.17853883e+01, -2.07232017e+01,
         -2.02424861e+01, -2.02319899e+01, -2.01905398e+01, -1.93935147e+01,
         -1.93862629e+01, -1.86101479e+01, -1.85120973e+01, -1.82674289e+01,
         -1.79619041e+01, -1.77139841e+01, -1.74830156e+01, -1.72580011e+01,
         -1.66716747e+01, -1.61940945e+01, -1.58187425e+01, -1.56211176e+01,
         -1.52830115e+01, -1.50882204e+01, -1.45193824e+01, -1.45067678e+01,
         -1.40315179e+01, -1.39711871e+01, -1.37439139e+01, -1.36388167e+01,
         -1.35948546e+01, -1.34240803e+01, -1.34232068e+01, -1.30847261e+01,
         -1.30840754e+01, -1.28781676e+01, -1.28603159e+01, -1.26118659e+01,
         -1.25943071e+01, -1.22488977e+01, -1.22367363e+01, -1.18710069e+01,
         -1.15696647e+01, -1.13994787e+01, -1.12810324e+01, -1.06179952e+01,
         -1.04880267e+01, -9.88762363e+00, -9.82824769e+00, -9.76637296e+00,
         -9.45800303e+00, -9.35645885e+00, -9.31798227e+00, -8.86735335e+00,
         -8.80350438e+00, -8.54599477e+00, -8.17158643e+00, -7.98392063e+00,
         -7.86076760e+00, -7.78449533e+00, -7.40240408e+00, -7.36277759e+00,
         -7.33775168e+00, -7.14672400e+00, -6.91749089e+00, -6.76917432e+00,
         -6.43854745e+00, -6.07138234e+00, -5.81046620e+00, -5.73313547e+00,
         -5.73191230e+00, -5.62922853e+00, -5.56910039e+00, -5.51662797e+00,
         -5.40880372e+00, -5.18818218e+00, -5.11852319e+00, -5.05885475e+00,
         -4.89776405e+00, -4.65672500e+00, -4.57473845e+00, -4.47097547e+00,
         -4.43783918e+00, -4.23632908e+00, -4.00442566e+00, -3.97114607e+00,
         -3.93048714e+00, -3.81083496e+00, -3.68534802e+00, -3.66583226e+00,
         -3.63187122e+00, -3.39616228e+00, -3.36385040e+00, -2.99641059e+00,
         -2.91202267e+00, -2.72095921e+00, -2.51282452e+00, -2.21169644e+00,
         -1.76313068e+00, -1.57849494e+00, -1.02985257e+00, -9.69998726e-01,
         -9.60883576e-01, -9.19029753e-01, -7.55656353e-01, -6.37188233e-01,
         -5.35060359e-01, -4.62345809e-01, -4.09334042e-01, -1.95521236e-01,
          4.71766401e-03,  2.53790691e-01,  2.75921719e-01,  3.17337745e-01,
          4.71637208e-01,  5.56254661e-01,  6.73485853e-01,  9.30177682e-01,
          9.46995992e-01,  1.02212318e+00,  1.04761814e+00,  1.17285780e+00,
          1.50173748e+00,  1.57119973e+00,  1.99391009e+00,  2.10243449e+00,
          2.49877168e+00,  2.55653831e+00,  2.83714475e+00,  2.83813710e+00,
          3.05878478e+00,  3.11056662e+00,  3.17076048e+00,  3.18377690e+00,
          3.28828066e+00,  3.63429864e+00,  3.87624048e+00,  3.92105939e+00,
          3.97285314e+00,  4.33020865e+00,  4.44631952e+00,  4.47396048e+00,
          4.92719229e+00,  5.10080321e+00,  5.10850697e+00,  5.20088389e+00,
          5.21525144e+00,  5.24452510e+00,  5.33354743e+00,  5.47674804e+00,
          5.84997582e+00,  6.04433397e+00,  6.05015829e+00,  6.08328370e+00,
          6.43918651e+00,  6.57921591e+00,  6.62782086e+00,  6.82495166e+00,
          6.97160824e+00,  7.28411502e+00,  7.49222087e+00,  7.70989354e+00,
          7.93658561e+00,  8.29298536e+00,  8.44750302e+00,  8.44848980e+00,
          8.52362796e+00,  8.59338982e+00,  8.64968496e+00,  8.67521677e+00,
          8.75675253e+00,  8.83475889e+00,  8.91567894e+00,  9.11199272e+00,
          9.21960989e+00,  9.21987369e+00,  9.38281049e+00,  9.39724682e+00,
          9.86167085e+00,  9.93316840e+00,  1.00837892e+01,  1.02540642e+01,
          1.09959350e+01,  1.10110389e+01,  1.10181383e+01,  1.13084708e+01,
          1.14126388e+01,  1.14781236e+01,  1.15180764e+01,  1.19064910e+01,
          1.20824469e+01,  1.22110937e+01,  1.25592103e+01,  1.29747408e+01,
          1.31170593e+01,  1.35023535e+01,  1.35177492e+01,  1.35486477e+01,
          1.35787116e+01,  1.38423273e+01,  1.40234444e+01,  1.40782698e+01,
          1.41563895e+01,  1.43297883e+01,  1.49575697e+01,  1.52009770e+01,
          1.54350964e+01,  1.57377998e+01,  1.58826747e+01,  1.61800541e+01,
          1.66934076e+01,  1.72090021e+01,  1.73638504e+01,  1.74942183e+01,
          1.80431981e+01,  1.82409567e+01,  1.84360049e+01,  1.85296075e+01,
          1.87193692e+01,  1.89903854e+01,  1.90143217e+01,  1.98202212e+01,
          2.01327916e+01,  2.02184098e+01,  2.03694812e+01,  2.11134792e+01,
          2.12157604e+01,  2.13488711e+01,  2.15883482e+01,  2.18896108e+01,
          2.31622718e+01,  2.39245628e+01,  2.43785143e+01,  2.47542464e+01,
          2.58914098e+01,  2.61490958e+01,  2.62839260e+01,  2.74457685e+01,
          2.93117962e+01,  3.08259514e+01,  3.14308364e+01,  3.63658441e+01])
  None]
 [array([-4.12149035e+01, -3.85396127e+01, -3.58201076e+01, -3.26448222e+01,
         -3.02659928e+01, -3.00306222e+01, -2.84464008e+01, -2.83305623e+01,
         -2.73534834e+01, -2.63724219e+01, -2.57708628e+01, -2.55451942e+01,
         -2.54170554e+01, -2.47122225e+01, -2.46357490e+01, -2.38789636e+01,
         -2.30516240e+01, -2.29235211e+01, -2.21003659e+01, -2.14585027e+01,
         -2.12097996e+01, -2.11361685e+01, -2.06856564e+01, -2.01644574e+01,
         -1.98761735e+01, -1.96394212e+01, -1.93302005e+01, -1.90810291e+01,
         -1.85338978e+01, -1.75167288e+01, -1.74973952e+01, -1.73448666e+01,
         -1.72859605e+01, -1.70841801e+01, -1.64388675e+01, -1.62084708e+01,
         -1.59495034e+01, -1.58149214e+01, -1.54206064e+01, -1.52613928e+01,
         -1.47277296e+01, -1.46505893e+01, -1.42972997e+01, -1.42530779e+01,
         -1.41368823e+01, -1.37729332e+01, -1.36026285e+01, -1.31974877e+01,
         -1.26925188e+01, -1.26419062e+01, -1.26395025e+01, -1.26390521e+01,
         -1.21242529e+01, -1.20102056e+01, -1.18667474e+01, -1.16770877e+01,
         -1.15981494e+01, -1.11834276e+01, -1.11105120e+01, -1.08736931e+01,
         -1.05506599e+01, -1.02604752e+01, -1.00135205e+01, -9.95127223e+00,
         -9.86072460e+00, -9.54501061e+00, -9.24898487e+00, -8.89479858e+00,
         -8.86517962e+00, -8.85616064e+00, -8.62293962e+00, -8.61446800e+00,
         -8.39133594e+00, -8.36768646e+00, -8.20865041e+00, -8.15487562e+00,
         -7.91595737e+00, -7.45158741e+00, -7.39110748e+00, -7.29301033e+00,
         -6.73397637e+00, -6.56653218e+00, -6.48999778e+00, -6.48290533e+00,
         -6.09791801e+00, -6.09446504e+00, -5.84894039e+00, -5.74156193e+00,
         -5.66983192e+00, -5.51812683e+00, -5.38497754e+00, -5.35325916e+00,
         -5.10437882e+00, -4.97192680e+00, -4.84849731e+00, -4.64565522e+00,
         -4.42916002e+00, -4.31753330e+00, -4.17336094e+00, -3.98063512e+00,
         -3.87313276e+00, -3.61479302e+00, -3.46994820e+00, -3.38109827e+00,
         -3.35778533e+00, -3.22104516e+00, -3.21407770e+00, -3.06660562e+00,
         -2.95668702e+00, -2.93722008e+00, -2.74683749e+00, -2.56574507e+00,
         -2.43406715e+00, -1.87753569e+00, -1.56261697e+00, -1.48476850e+00,
         -1.24377904e+00, -1.13057469e+00, -9.25426981e-01, -8.61563215e-01,
         -7.82358811e-01, -3.68993995e-01, -1.90126947e-01, -1.42692410e-01,
         -1.16038278e-01,  2.22863568e-02,  1.28496810e-01,  1.39937143e-01,
          3.74404301e-01,  4.05052201e-01,  5.49184328e-01,  7.59368707e-01,
          8.39690863e-01,  1.26522312e+00,  1.37111468e+00,  1.47027838e+00,
          1.78139325e+00,  1.89834537e+00,  2.02758339e+00,  2.17411765e+00,
          2.33535909e+00,  2.36220943e+00,  2.46247030e+00,  2.51723279e+00,
          2.56676735e+00,  2.83621688e+00,  2.89493989e+00,  2.99144400e+00,
          3.03824947e+00,  3.12134439e+00,  3.27948344e+00,  3.40630369e+00,
          3.46396097e+00,  3.67926635e+00,  3.84488452e+00,  3.99560815e+00,
          4.17179798e+00,  4.49526800e+00,  4.70477261e+00,  5.37102816e+00,
          5.40032261e+00,  5.65167506e+00,  5.71315452e+00,  5.75190288e+00,
          5.75276001e+00,  5.81586099e+00,  6.29063173e+00,  6.61776268e+00,
          6.78424141e+00,  7.24955198e+00,  7.29273305e+00,  7.30232786e+00,
          7.89854276e+00,  8.03474547e+00,  8.19530846e+00,  8.20882876e+00,
          8.21395987e+00,  8.28401322e+00,  8.60670660e+00,  8.65110392e+00,
          8.67831112e+00,  8.71688347e+00,  8.77386924e+00,  8.88230814e+00,
          9.06360602e+00,  9.08750860e+00,  9.15700333e+00,  9.19190916e+00,
          9.24057164e+00,  9.31135655e+00,  9.48241669e+00,  9.50636711e+00,
          1.00043918e+01,  1.00129073e+01,  1.03356170e+01,  1.10294536e+01,
          1.11014876e+01,  1.13736530e+01,  1.14880601e+01,  1.15108545e+01,
          1.15828515e+01,  1.16613952e+01,  1.17904357e+01,  1.19714109e+01,
          1.19777024e+01,  1.24470155e+01,  1.25408862e+01,  1.38839420e+01,
          1.40667919e+01,  1.41701892e+01,  1.43101565e+01,  1.44764939e+01,
          1.45009636e+01,  1.46049110e+01,  1.47501084e+01,  1.47852237e+01,
          1.50246046e+01,  1.59184882e+01,  1.64312250e+01,  1.68522329e+01,
          1.71883269e+01,  1.72555786e+01,  1.72717551e+01,  1.73470617e+01,
          1.74769843e+01,  1.76967222e+01,  1.78625821e+01,  1.79105424e+01,
          1.80479062e+01,  1.83230218e+01,  1.83959288e+01,  1.85095982e+01,
          1.89432377e+01,  1.90567175e+01,  1.95873779e+01,  1.98313258e+01,
          2.05409337e+01,  2.06469379e+01,  2.13623314e+01,  2.25262258e+01,
          2.32180444e+01,  2.33040914e+01,  2.37357581e+01,  2.38812167e+01,
          2.41101172e+01,  2.59142086e+01,  2.64270711e+01,  2.68328868e+01,
          2.69175374e+01,  2.71803813e+01,  2.75404595e+01,  2.89658636e+01,
          3.02190575e+01,  3.20991566e+01,  3.23536849e+01,  3.54885227e+01])
  None]
 [array([-34.54438235, -32.09363926, -32.08878553, -29.69566825,
         -28.27914414, -26.57146576, -26.25251154, -26.06441071,
         -25.8283577 , -23.70228223, -23.66227833, -23.65736043,
         -22.89920028, -22.64954606, -22.46607481, -21.22706634,
         -21.17177116, -21.10111438, -20.87267368, -20.43991923,
         -20.33737665, -20.11618489, -18.67071747, -18.64223719,
         -18.46857564, -17.71764501, -17.41462478, -17.39202096,
         -17.32040057, -16.7247352 , -16.63334756, -16.41477535,
         -16.08766332, -15.62349711, -15.55789042, -15.41594002,
         -15.19115522, -15.14796584, -15.14393067, -15.03054867,
         -14.70653697, -14.60571168, -14.60054722, -14.41580122,
         -13.62862308, -13.4127033 , -13.17332065, -12.4365619 ,
         -12.38886065, -12.26262652, -12.24686597, -12.17370241,
         -12.04626026, -11.76298392, -11.74897258, -11.66413479,
         -11.14927852, -10.99446179, -10.97423626, -10.81939231,
         -10.45015141, -10.22015954, -10.05377327,  -9.97774889,
          -9.84970019,  -9.80378057,  -9.45445185,  -9.41716335,
          -9.34430444,  -9.33294201,  -8.99477853,  -8.91008959,
          -8.89088101,  -8.73895563,  -8.46466989,  -7.78390363,
          -7.60842551,  -7.44019359,  -7.41949802,  -7.26421213,
          -7.14755214,  -6.99474445,  -6.78223902,  -6.54450597,
          -6.52676505,  -6.26343473,  -6.21630809,  -6.11329958,
          -5.94033883,  -5.74924273,  -5.67753747,  -5.59873817,
          -5.37897027,  -5.33468265,  -5.19188164,  -5.06986234,
          -4.55979192,  -4.53632315,  -4.49889594,  -4.44112526,
          -4.4207509 ,  -4.31137344,  -4.10707146,  -3.9917457 ,
          -3.87633794,  -3.86883394,  -3.83394023,  -3.53850549,
          -3.50533917,  -3.49673666,  -3.34906855,  -3.30622664,
          -2.59341833,  -2.2521907 ,  -2.18175222,  -1.76221845,
          -1.74177323,  -1.71830172,  -1.70130363,  -1.42832855,
          -1.38373766,  -0.92926936,  -0.75911277,  -0.73641475,
          -0.35901696,  -0.34129615,  -0.17130843,  -0.04527162,
           0.12280668,   0.14111179,   0.23910412,   0.28990488,
           0.67467813,   0.81890354,   0.83616973,   1.08370835,
           1.20153939,   1.25197076,   1.4550978 ,   1.4652703 ,
           1.53195412,   1.67358356,   1.69260365,   1.80349005,
           1.98628787,   2.27817473,   2.44784713,   2.55535451,
           2.59372816,   2.68341044,   2.75512917,   2.86322228,
           2.9084465 ,   3.35408489,   3.61916785,   3.66985456,
           3.99236579,   4.15193653,   4.26554623,   4.47032614,
           4.51844249,   4.67534706,   4.95051547,   4.98915601,
           5.41188727,   5.43205241,   5.69852753,   5.78445744,
           5.86912863,   6.04838819,   6.12610694,   6.14069543,
           6.24287026,   6.4572353 ,   6.68748722,   6.70208438,
           6.8512568 ,   7.03573058,   7.29334966,   7.39676564,
           7.54385876,   7.56495933,   7.59441151,   7.78657593,
           7.84084821,   7.94106469,   8.34912316,   8.44928212,
           8.69842865,   8.76092782,   9.09288695,   9.88990063,
           9.92857318,   9.94524587,  10.11766297,  10.36735526,
          10.47624482,  11.05834812,  11.60048247,  11.93595308,
          11.94036397,  12.08271108,  12.12580778,  12.47021771,
          12.64983264,  12.9762721 ,  13.18475093,  13.39467445,
          13.4261498 ,  13.49562851,  13.92170037,  13.93555312,
          14.14126496,  14.26807171,  14.3341386 ,  14.53633451,
          14.57757689,  14.97899576,  15.00587782,  15.0068823 ,
          15.20806134,  15.60596047,  15.70085813,  15.94455802,
          16.31052673,  16.3494479 ,  16.70552834,  16.7060184 ,
          17.22596204,  17.55988123,  17.72789276,  17.79344892,
          18.6849178 ,  19.05620482,  19.5298523 ,  19.96013631,
          21.40401147,  21.73422559,  22.18979462,  23.39881957,
          23.55636548,  24.05811562,  24.51593712,  24.83649466,
          25.14927852,  25.60395793,  26.26324867,  26.29641408,
          26.37543693,  27.14074221,  27.35441275,  28.58057265,
          31.86560442,  33.98768272,  34.07074057,  36.19281985]) None]
 [array([-48.33198486, -44.65700743, -38.57259877, -36.25588774,
         -35.20497924, -34.93943106, -32.50987243, -32.46757398,
         -32.34417387, -31.85838556, -31.52997397, -31.20389032,
         -30.93302583, -30.51588887, -30.20120007, -28.19223295,
         -26.84089852, -26.43790473, -25.43128274, -24.1537658 ,
         -24.07001925, -23.13116976, -22.69254888, -22.49582891,
         -21.79826597, -21.55253173, -21.47622879, -21.32510683,
         -21.16784756, -20.07639941, -19.38248446, -19.34287373,
         -19.21634656, -19.04952199, -18.98465447, -18.90575362,
         -18.69604124, -18.43920473, -18.16910896, -18.07682831,
         -18.02294368, -17.93180274, -17.90000515, -17.80600008,
         -17.65488383, -17.28966325, -17.06366775, -16.28869183,
         -16.073667  , -15.83668691, -15.02908337, -14.79632627,
         -14.74624178, -14.72169927, -14.65088611, -14.51702948,
         -14.46832127, -14.45390325, -13.60852732, -13.38492057,
         -13.30046457, -13.11709952, -13.0169721 , -12.92787489,
         -12.64407458, -12.34278615, -11.02887965, -10.94521866,
         -10.51230595, -10.08937799,  -9.55107563,  -9.35436642,
          -9.28922089,  -9.08106783,  -8.88451044,  -8.69527148,
          -8.33501815,  -8.10997872,  -8.02651918,  -8.0096204 ,
          -7.88100741,  -6.90627699,  -6.57402425,  -6.34035534,
          -6.28220715,  -6.26288098,  -5.97771124,  -5.92482936,
          -5.85993424,  -5.7783664 ,  -5.70483142,  -5.51487963,
          -5.51312081,  -5.50087346,  -5.31538351,  -4.99688568,
          -4.93977781,  -4.88538628,  -4.79423461,  -4.44695148,
          -4.4232784 ,  -4.38197631,  -4.3345303 ,  -4.19841282,
          -4.14680432,  -3.92514737,  -3.48467688,  -3.11858042,
          -2.9097251 ,  -2.87062618,  -2.80491123,  -2.6731309 ,
          -2.47903723,  -2.2682659 ,  -2.19907142,  -2.07850707,
          -1.66789752,  -1.58278037,  -1.49886755,  -1.29614443,
          -1.29209055,  -1.24684146,  -1.2328288 ,  -1.16798627,
          -1.11734793,  -1.01057837,  -0.76280106,  -0.63833816,
          -0.47680501,  -0.43624229,  -0.38151534,  -0.13997374,
           0.11238128,   0.12048577,   0.20966344,   0.27475334,
           1.71550891,   2.07789254,   2.1695531 ,   2.61256132,
           2.80979926,   2.88831238,   3.03396463,   3.08828381,
           3.20754864,   3.52048219,   3.7082108 ,   3.74301128,
           4.06042597,   4.53595621,   4.62236488,   4.76451957,
           4.85873489,   5.06412862,   5.16046877,   5.28910026,
           5.63198259,   6.08154063,   6.21050192,   6.55077776,
           6.89546545,   6.98748994,   7.1381996 ,   7.18225404,
           7.30154366,   7.5505473 ,   7.68088954,   7.90364233,
           7.91719369,   7.93276096,   7.98199893,   8.0909973 ,
           8.20169441,   8.55469297,   8.68267131,   8.75557039,
           8.77813533,   9.03906037,   9.29204907,   9.61461424,
          10.29948579,  10.3652205 ,  10.68536717,  10.90455591,
          11.09428935,  11.20925657,  11.21902761,  11.31748322,
          11.33514998,  11.54339851,  11.74122162,  12.04162352,
          12.10713381,  12.16187971,  12.23657695,  12.40947824,
          12.70131788,  12.83392528,  12.9336552 ,  13.07581295,
          13.16453579,  13.695239  ,  13.78168365,  14.87909389,
          15.25569232,  15.26849247,  15.34735558,  15.39721275,
          15.47805737,  15.71841992,  15.90764306,  15.99957952,
          16.30653412,  16.45169447,  16.74137535,  17.11010842,
          17.13017337,  18.80209217,  19.66311064,  19.72200616,
          20.31584848,  20.35991985,  20.36839003,  20.40564136,
          20.49480036,  20.73709891,  20.93498523,  20.97185127,
          21.01432735,  21.26407587,  21.28745528,  22.02692997,
          22.26896326,  22.32400379,  22.78470696,  23.70629331,
          24.50839633,  25.0989547 ,  25.15714228,  25.19062051,
          25.48611862,  26.26955419,  28.65088611,  28.89621882,
          28.90901412,  29.29962327,  29.54812271,  30.16272722,
          30.20496914,  32.84091465,  32.89298366,  33.49316222,
          34.35091023,  38.49339245,  38.73948094,  42.68418789]) None]
 [array([-25.51685388, -23.78114004, -23.09343422, -22.76007671,
         -22.74745385, -21.20329712, -20.50631906, -20.19718265,
         -19.79104106, -19.63947416, -19.30475452, -19.04141109,
         -18.94482481, -18.31952459, -18.16104611, -17.25100824,
         -17.22673135, -16.87274536, -16.81379597, -16.58026343,
         -16.03414081, -15.8314335 , -15.78728693, -15.5889819 ,
         -15.26895751, -15.06042507, -14.9004384 , -14.57995246,
         -14.47956767, -14.28898288, -14.2383477 , -14.02241122,
         -13.90557153, -13.73766378, -13.42195809, -13.33927124,
         -13.03296321, -12.81129254, -12.68757857, -12.33983621,
         -12.18619703, -12.10318152, -11.98460121, -11.71347239,
         -11.50042609, -11.3272358 , -11.28114494, -10.95153765,
         -10.91602166, -10.82255805, -10.53739559, -10.3679615 ,
         -10.13031465, -10.01843626, -10.00399219,  -9.97932819,
          -9.82525693,  -9.611724  ,  -9.60221801,  -9.53383464,
          -9.39495743,  -9.38997048,  -9.25177569,  -9.1469111 ,
          -8.46310457,  -8.37810442,  -8.31217456,  -8.25750063,
          -7.98466975,  -7.93787325,  -7.83928823,  -7.68095482,
          -7.63112159,  -7.40934671,  -7.33024882,  -7.09338978,
          -6.79957905,  -6.6865424 ,  -6.50711621,  -6.19027556,
          -6.10697653,  -6.08603061,  -5.99826721,  -5.8390241 ,
          -5.7734127 ,  -5.75648741,  -5.74014948,  -5.49545116,
          -5.48962329,  -5.47789339,  -5.42275761,  -5.40883547,
          -5.26636605,  -5.23963915,  -5.14330131,  -4.77380424,
          -4.66292026,  -4.36865762,  -4.25751779,  -4.10458586,
          -4.08264594,  -3.84071026,  -3.66492224,  -3.50011878,
          -3.41081362,  -2.93433431,  -2.76082133,  -2.71002178,
          -2.49284803,  -2.41347968,  -2.38256157,  -2.35067291,
          -2.18622338,  -2.14611315,  -2.10218029,  -2.07088059,
          -1.89601561,  -1.83409886,  -1.51208392,  -1.39367572,
          -1.33722842,  -1.31176099,  -1.22863445,  -1.18416894,
          -1.12294409,  -1.07679204,  -1.06386337,  -0.82631815,
          -0.67056709,  -0.52781167,  -0.34220368,  -0.18808077,
           0.10163856,   0.28748487,   0.28814294,   0.51855113,
           0.54755172,   1.08276954,   1.20038714,   1.23219076,
           1.58743238,   1.60995071,   1.68997414,   1.79642101,
           1.80619128,   1.89799791,   1.91066458,   2.12428123,
           2.37557231,   2.39195311,   2.40079882,   2.53056103,
           2.61251415,   2.7324951 ,   2.90891968,   2.95387683,
           3.03926846,   3.07049885,   3.46375903,   3.55681346,
           3.74499315,   3.77141353,   3.8155414 ,   3.94232229,
           3.95420741,   3.96498021,   4.39764069,   4.71758807,
           4.88268602,   5.0193418 ,   5.23807199,   5.23992102,
           5.35988693,   5.4094044 ,   5.71427029,   5.78858999,
           6.05752743,   6.26749141,   6.48427556,   6.5131743 ,
           6.52230939,   6.58084263,   6.65031375,   7.30985233,
           7.32603892,   7.43511203,   7.46766878,   7.54263769,
           7.71260793,   7.86597776,   7.92310916,   7.96600722,
           8.0168705 ,   8.18718612,   8.21326907,   8.29317169,
           8.76900966,   8.9698227 ,   8.99803491,   9.52403159,
           9.63993407,   9.73150695,   9.91137049,  10.02769975,
          10.17697156,  10.23108003,  10.51206657,  10.70852726,
          10.90269998,  11.41305822,  11.50330047,  11.56251506,
          11.63583574,  11.82400287,  11.97356249,  12.02071952,
          12.12416003,  12.95542243,  13.12393954,  13.58485879,
          13.59060594,  13.72356782,  13.90535028,  14.0794256 ,
          14.25415707,  14.67916961,  15.01456841,  15.05624505,
          15.20148483,  15.21555153,  15.45882047,  16.20346422,
          16.70329112,  16.83949726,  16.84085173,  17.18771615,
          17.51063083,  17.54308355,  18.25235372,  18.33561989,
          18.63531086,  19.06059793,  19.16993783,  19.58543202,
          20.33503336,  21.09975703,  21.47663234,  21.90875646,
          23.88047939,  24.37427355,  24.71571458,  25.30788995,
          25.45546141,  28.73466525,  28.9004384 ,  29.09354992]) None]
 [array([-34.62226252, -31.79004203, -31.37796083, -30.98704244,
         -28.90428203, -28.51802974, -28.13346828, -27.89729276,
         -27.41330481, -25.98311702, -25.15185215, -25.10540555,
         -24.71313013, -24.57457638, -24.50037294, -23.7476255 ,
         -22.37877888, -21.82597783, -21.78906232, -21.64837297,
         -21.60669083, -21.44306938, -20.85363977, -19.26098336,
         -19.11508603, -18.78261981, -18.50693816, -18.40394097,
         -18.22866113, -17.65510877, -17.6254008 , -17.48340543,
         -17.37286973, -17.24352338, -15.9631526 , -15.37947248,
         -15.01823998, -14.97586578, -14.87921661, -14.75533078,
         -14.69342926, -14.57933375, -14.52321646, -14.40217786,
         -14.14936075, -13.85630326, -13.64647427, -13.35326637,
         -13.33157899, -13.22812133, -13.03558159, -12.75113424,
         -12.40785978, -12.39152373, -12.01518474, -11.99203113,
         -11.84546834, -11.82284099, -11.75315732, -11.71403807,
         -11.68068196, -11.64148075, -11.2882105 , -11.07223011,
         -10.7532958 , -10.68122736, -10.5348494 , -10.48000252,
         -10.36894746, -10.00519343, -10.00414031,  -9.94360856,
          -9.75568483,  -9.69340777,  -9.3359117 ,  -9.21396932,
          -8.84150269,  -8.64006213,  -8.28885572,  -8.14310534,
          -8.0409965 ,  -7.92277869,  -7.75598868,  -7.7266153 ,
          -7.69370003,  -7.65575809,  -7.58023739,  -7.50710236,
          -7.46086118,  -7.19304912,  -6.46110569,  -5.86550812,
          -5.81691335,  -5.42455866,  -5.3106287 ,  -4.84796038,
          -4.76082818,  -4.19778609,  -4.10379917,  -3.81444459,
          -3.75109988,  -3.74080607,  -3.71523182,  -3.60611814,
          -3.49122876,  -3.41752351,  -3.39410042,  -3.22472284,
          -3.1423362 ,  -2.58222287,  -2.43009572,  -2.25334642,
          -1.87911538,  -1.84645464,  -1.64711808,  -1.62367609,
          -1.53777873,  -1.22002774,  -1.12061618,  -1.04177232,
          -0.99228094,  -0.92332691,  -0.92253851,  -0.88028685,
          -0.69565995,  -0.65610326,  -0.52082523,  -0.1090217 ,
           0.34886438,   0.40754597,   0.43163826,   0.53650086,
           0.81199283,   1.59715065,   1.65806149,   1.68257779,
           1.74787128,   1.91126654,   1.94129474,   1.99657672,
           2.03199434,   2.32280733,   2.33206055,   2.39514442,
           2.50120605,   2.65781852,   2.6614987 ,   2.6847207 ,
           2.80280468,   2.82421527,   2.85527522,   2.96718157,
           3.06673503,   3.22303199,   3.54052742,   3.6404477 ,
           3.70042278,   3.98780039,   4.05263735,   4.18206402,
           4.68735013,   4.96508051,   5.12355457,   5.58037997,
           5.58102102,   5.6062906 ,   5.72505094,   5.85449883,
           5.99399623,   6.02986864,   6.16524287,   6.36254228,
           6.5203427 ,   6.61790379,   6.66302521,   6.75009604,
           6.84773411,   6.85603195,   7.36694196,   7.57938648,
           8.02912564,   8.17538477,   8.26848977,   8.36748857,
           8.52767115,   8.63864282,   8.78808803,   8.79734591,
           9.31832152,   9.65816703,   9.73718193,   9.74466024,
           9.93480021,  10.04595104,  10.47353373,  10.65181134,
          10.84522485,  10.94960581,  11.57164464,  12.19787148,
          12.36872979,  12.44901926,  12.45266823,  12.50445703,
          12.75693265,  12.7688332 ,  13.07407774,  13.07681858,
          13.18485681,  14.59113495,  14.63922602,  15.37949005,
          15.45294157,  15.53707379,  15.69704846,  16.12387064,
          16.16094143,  16.21165326,  16.32092864,  16.83853098,
          16.93376341,  17.07750207,  17.63944305,  18.30480721,
          18.53568784,  18.98151199,  19.33776042,  19.70087192,
          19.70480045,  19.73074888,  19.88859127,  20.12954885,
          20.15763459,  20.57684884,  20.69882604,  20.75415163,
          20.89972632,  20.99076535,  21.56723065,  21.5767965 ,
          22.73263445,  22.94496694,  23.64973262,  23.67911482,
          24.75448575,  25.40228894,  26.52429254,  27.06572598,
          27.78055887,  29.53452182,  30.5105019 ,  32.59603705,
          33.41388706,  33.74139458,  37.02657412,  37.7476255 ]) None]
 [array([-41.05991938, -41.05539832, -37.16566069, -33.53613033,
         -30.48970629, -30.48715401, -29.66472779, -29.55897805,
         -29.50211106, -29.21047163, -29.14237779, -28.10990743,
         -26.60157165, -26.18256832, -26.18086033, -25.95760679,
         -25.26458653, -24.14047361, -23.21198696, -22.98859692,
         -22.70485742, -22.29365046, -21.90182351, -21.83629828,
         -21.63812632, -21.59428687, -21.24726628, -19.51626336,
         -19.09850568, -18.98621233, -18.92911077, -18.67734757,
         -18.45788937, -17.96769244, -17.75312679, -17.70976168,
         -17.70057419, -17.68960346, -17.65126731, -17.54868066,
         -16.17532719, -16.09535105, -15.39352946, -15.20211251,
         -15.06483532, -14.99314827, -14.79136924, -14.67991882,
         -14.622657  , -14.30203099, -14.05676914, -13.52346947,
         -13.28170537, -13.24441419, -12.6616791 , -12.65641791,
         -12.14265351, -11.93872306, -11.65115734, -11.6466845 ,
         -11.27369553, -11.120476  , -11.08315636, -11.06607085,
         -10.82204263, -10.60817922, -10.48187073, -10.46005248,
         -10.40260974, -10.34608605, -10.22662322,  -9.78403647,
          -9.74627367,  -9.69726455,  -9.6802145 ,  -9.23171976,
          -8.95081203,  -8.88764513,  -8.72811921,  -8.34892518,
          -7.89170603,  -7.82646526,  -7.69238629,  -7.58008774,
          -7.44668916,  -7.30498869,  -7.29086169,  -7.12835837,
          -7.09421889,  -6.75913757,  -6.75794515,  -6.33370161,
          -5.9124348 ,  -5.74615071,  -4.65522077,  -4.6318244 ,
          -4.61739176,  -4.18761115,  -3.98049949,  -3.90803351,
          -3.79637337,  -3.70254138,  -3.60293335,  -3.56369315,
          -3.54405906,  -3.52418227,  -3.50517456,  -3.40441119,
          -3.31789523,  -3.27252072,  -3.12152893,  -2.82338147,
          -2.78248788,  -2.47845589,  -2.3086281 ,  -2.04376766,
          -2.0254221 ,  -1.93720063,  -1.87374113,  -1.86854873,
          -1.77951876,  -1.73113171,  -1.33225369,  -0.32381564,
          -0.29602979,  -0.25483908,  -0.1502151 ,  -0.09319808,
           0.08729911,   0.14725991,   0.33745963,   0.67156159,
           0.74100533,   0.87084222,   0.8928131 ,   0.941904  ,
           1.28607664,   1.54600575,   1.71454896,   2.24625055,
           2.74834292,   2.87439076,   2.96794932,   3.27673329,
           3.32306798,   3.32371672,   3.46651488,   3.50163292,
           3.67013823,   3.77857256,   3.97537016,   4.19660792,
           4.36204668,   4.50482247,   4.62465891,   4.64417514,
           4.69729244,   5.16729103,   5.21630046,   5.3429904 ,
           5.58719897,   5.5882122 ,   5.63608685,   6.09883221,
           6.14234311,   6.17065012,   6.56818004,   6.69164671,
           7.20400202,   7.37229504,   7.60714293,   7.61713404,
           7.65291546,   7.69621679,   7.76691676,   7.77988779,
           8.04698239,   8.11261587,   8.24515794,   8.40145808,
           8.72899393,   8.77213189,   9.00670557,   9.20695471,
           9.37327803,   9.53829603,   9.88277595,  10.26623258,
          10.82782153,  11.03041555,  11.35581653,  11.50804378,
          11.6403625 ,  11.69775392,  11.7691149 ,  11.99847568,
          12.06483745,  12.16649442,  12.18969525,  12.37165044,
          12.42187036,  13.04215287,  13.04639855,  13.46648854,
          13.51409064,  13.60306866,  14.10496028,  14.19499291,
          14.5952547 ,  14.82295561,  14.84235618,  14.92103042,
          14.98818156,  15.63309882,  15.79259048,  15.86215764,
          16.18994997,  16.82286444,  17.53291072,  17.80013271,
          18.79898958,  18.8499284 ,  19.10978931,  19.16107565,
          19.5340205 ,  19.62515114,  19.74615071,  19.79514851,
          20.2517306 ,  20.32883443,  20.50304547,  20.8515086 ,
          20.9748161 ,  21.56758225,  22.09909302,  22.1839831 ,
          22.1853647 ,  23.6899199 ,  23.7365719 ,  26.0418504 ,
          26.17027354,  26.2136588 ,  26.22061237,  26.31911893,
          27.08585236,  27.59163187,  27.62508983,  27.78955815,
          30.09955839,  30.17125009,  31.56692117,  31.6151896 ,
          33.68973418,  35.05245097,  37.64038376,  39.07591476]) None]]
Traceback (most recent call last):
  File "code/inst_ham.py", line 84, in <module>
    my_inst_ham(prog_args['path'], prog_args['threads'], stem_args['model'], leaf_args)
  File "code/inst_ham.py", line 68, in my_inst_ham
    E = np.mean(E_array, axis=0)
NameError: name 'E_array' is not defined
